3.427967932999999903e+02
-4.084678806735183798e+01
6.367490502494345606e+01
1.778438195763504552e+02
1.743135397139755582e+02
1.899040176726738309e+02
1.349380572951387194e+02
1.472308514409689053e+02
1.557577911182695516e+02
4.703116522952846594e+02
5.646817759072068839e+02
4.275963307711622861e+02
2.017861236225144523e+02
8.759610014458942828e+01
2.876139451957162763e+01
3.412023879461977316e+01
5.007037261277218931e+02
2.551432452955730810e+02
4.955971214215115879e+02
3.785739089000374946e+01
1.422851185253248048e+02
8.463425401307119955e+01
1.887585197335513101e+02
1.718680941237254274e+02
2.379820888244913419e+02
-1.668314322251878679e+01
-1.637693350290927867e+02
-2.073817766636244642e+02
-2.158652876747427172e+02
-1.903910104457881971e+02
-6.013409045271259856e+01
-2.254296797241261743e+02
-4.062218767022618238e+01
1.668638518588245461e+02
-1.360857477769513082e+02
-2.897328075855622274e+02
-1.470908016215309999e+02
-3.268886881369023172e+02
-1.996481841133793012e+02
8.903700001252104812e+01
-1.669107739750691053e+02
-1.032956451748357978e+02
-1.166721006661328275e+01
-8.577006670633510410e+00
-2.055936753517676721e+02
-1.315174702260026152e+02
-1.371493394854677206e+02
-1.872069442570466435e+02
-2.152782899165592312e+02
-1.655842780544477648e+02
-1.610679749032898940e+02
-2.417180221500939012e+02
-4.111429467452688868e+02
-1.335404577381165723e+02
-4.018059355917305311e+02
-2.610159247320784743e+02
-1.322079032278570025e+02
-1.600229603378190006e+02
-1.482252865748449437e+02
3.049425014734742945e+01
-1.040866192154126963e+02
-4.897178683063636839e+01
4.404014363494295736e+01
6.367663542370543439e+01
-7.961121289342881369e+01
-1.636499328602235153e+02
-9.641886510119982745e+01
-1.210382253672745492e+02
-1.740403398367916736e+02
-3.675655722002859420e+02
-4.106526882125636462e+02
-5.183918313374445006e+02
-6.375451893119350188e+02
-1.863304105670583510e+02
-3.880996443866376922e+02
-1.991833383396716499e+02
-3.383088179118812491e+02
-6.137524205948278677e+02
-5.306420645866820678e+02
-4.979621357693397385e+02
-6.692611541296203086e+02
-7.775897969597086785e+02
-8.403890132557464767e+02
-1.010227642415319565e+03
-1.166228623337285853e+03
-1.157693297295511229e+03
-1.138098357222712821e+03
-1.118503417149914412e+03
-1.098908477077116004e+03
-1.079313537004317823e+03
-1.059718596931519187e+03
-1.040123656858720778e+03
-1.020528716785922484e+03
-1.000933776713123848e+03
-9.813388366403255532e+02
-9.617438965675272584e+02
-1.087138687505090729e+03
-6.709001478121930404e+02
-9.362499884724139747e+02
-9.223343129999999519e+02
