0.000000000000000000e+00
4.418409262556776412e+03
8.836818525113552823e+03
1.325522778767033014e+04
1.767363705022710565e+04
2.209204631278388115e+04
2.651045557534066029e+04
3.092886483789743579e+04
3.534727410045421129e+04
3.976568336301099043e+04
4.418409262556776230e+04
4.860250188812454144e+04
5.302091115068132058e+04
5.743932041323809244e+04
6.185772967579487158e+04
6.627613893835165072e+04
7.069454820090842259e+04
7.511295746346519445e+04
7.953136672602198087e+04
8.394977598857875273e+04
8.836818525113552460e+04
9.278659451369231101e+04
9.720500377624908288e+04
1.016234130388058547e+05
1.060418223013626412e+05
1.104602315639194130e+05
1.148786408264761849e+05
1.192970500890329567e+05
1.237154593515897432e+05
1.281338686141465150e+05
1.325522778767033014e+05
1.369706871392600588e+05
1.413890964018168452e+05
1.458075056643736316e+05
1.502259149269303889e+05
1.546443241894871753e+05
1.590627334520439617e+05
1.634811427146007190e+05
1.678995519771575055e+05
1.723179612397142919e+05
1.767363705022710492e+05
1.811547797648278356e+05
1.855731890273846220e+05
1.899915982899413793e+05
1.944100075524981658e+05
1.988284168150549522e+05
2.032468260776117095e+05
2.076652353401684959e+05
2.120836446027252823e+05
2.165020538652820396e+05
2.209204631278388260e+05
2.253388723903955834e+05
2.297572816529523698e+05
2.341756909155091562e+05
2.385941001780659135e+05
2.430125094406226999e+05
2.474309187031794863e+05
2.518493279657362436e+05
2.562677372282930301e+05
2.606861464908498165e+05
2.651045557534066029e+05
2.695229650159633602e+05
2.739413742785201175e+05
2.783597835410769330e+05
2.827781928036336903e+05
2.871966020661904477e+05
2.916150113287472632e+05
2.960334205913040205e+05
3.004518298538607778e+05
3.048702391164175933e+05
3.092886483789743506e+05
3.137070576415311079e+05
3.181254669040879235e+05
3.225438761666446808e+05
3.269622854292014381e+05
3.313806946917582536e+05
3.357991039543150109e+05
3.402175132168717682e+05
3.446359224794285838e+05
3.490543317419853411e+05
3.534727410045420984e+05
3.578911502670989139e+05
3.623095595296556712e+05
3.667279687922124285e+05
3.711463780547692440e+05
3.755647873173260014e+05
3.799831965798827587e+05
3.844016058424395742e+05
3.888200151049963315e+05
3.932384243675530888e+05
3.976568336301099043e+05
4.020752428926666616e+05
4.064936521552234190e+05
4.109120614177802345e+05
4.153304706803369918e+05
4.197488799428937491e+05
4.241672892054505646e+05
4.285856984680073219e+05
4.330041077305640792e+05
4.374225169931208366e+05
